# URL: https://cp2k-basis.pierrebeaujean.net/api/basis/TZVP-MOLOPT-SCAN-GTH/data?elements=Ge,Se,Te
# BUILD: 06/08/2024 @ 14:19
# FETCHED: 22/11/2024 @ 18:08
# ---
# Ge [12s12p4d|3s3p1d]
# SOURCE: https://github.com/cp2k/cp2k/raw/ac0226eb549c7ef1ea50d0597d545f29d4c8fc87/data/BASIS_MOLOPT_UZH#L3524
Ge  TZVP-MOLOPT-SCAN-GTH-q4 TZVP-MOLOPT-MGGA-GTH-q4
1
2 0 2 4 3 3 1
  2.756852232568 -0.113857905623  0.068467835621 -0.136784928407  0.032748190370 -0.022011707841 -0.942196046095 -0.100024313084
  1.539308966077  0.456251856576 -0.242998727476  0.835513105025  0.069537753558 -0.000974260012  0.334352007464  0.211345675808
  0.301478200490 -0.708075152262  0.464079624010  0.530674435202 -0.979458220639  0.186154020335 -0.011312092871  0.949549156541
  0.090905323178 -0.526782876949 -0.849054695829  0.039904617715 -0.186423310987 -0.982273493610  0.018638196854  0.209008472128
# Se [12s12p4d|3s3p1d]
# SOURCE: https://github.com/cp2k/cp2k/raw/ac0226eb549c7ef1ea50d0597d545f29d4c8fc87/data/BASIS_MOLOPT_UZH#L3580
Se  TZVP-MOLOPT-SCAN-GTH-q6 TZVP-MOLOPT-MGGA-GTH-q6
1
2 0 2 4 3 3 1
  1.232209526757  0.697571657758  0.121750383639 -0.496337870596  0.109587698376  0.649389481349  0.092099802736  0.470735518750
  1.123614218110 -0.621881994653  0.061018760804 -0.776450823680 -0.144976063579 -0.677125347588 -0.315282869918 -0.604742101658
  0.285970227965 -0.302662488006 -0.404247012377  0.295887113379 -0.195288114620 -0.260058099408  0.935302115944 -0.632439196102
  0.097664830679 -0.187221754540  0.904454480832  0.251443140202 -0.963760877833  0.228395162162 -0.131621769407 -0.112764023979
# Te [12s12p4d|3s3p1d]
# SOURCE: https://github.com/cp2k/cp2k/raw/ac0226eb549c7ef1ea50d0597d545f29d4c8fc87/data/BASIS_MOLOPT_UZH#L4165
Te  TZVP-MOLOPT-SCAN-GTH-q6 TZVP-MOLOPT-MGGA-GTH-q6
1
2 0 2 4 3 3 1
  1.456123233429  0.015381293933  0.675422390955  0.705799023029  0.510863028113 -0.408858294586 -0.755948263479 -0.151397856185
  1.415181505077 -0.079460088013 -0.726008799520  0.681198265348 -0.229771264953 -0.583887760549  0.140357707191  0.221309423545
  0.296494212300 -0.002320239314  0.109934377486  0.189455412893  0.454192657388  0.631122435220 -0.050906510097 -0.877701501527
  0.108025634323  0.996716673232 -0.068045936412  0.043855545873  0.692772085382 -0.305932099969  0.637377803351 -0.397166089199
